% -------------------------------------------------------------------
%Generated by RoadMapv1.0 on 2018
%VCIer you can contact us by sending email:2580253221@qq.com
% -------------------------------------------------------------------

HDmap = struct;
HDmap.lonarray = [ 125.3419090 125.3419232 125.3440331 125.3444233 125.3447025 125.3448272 125.3448916];
HDmap.latarray = [ 43.8521554 43.8530979 43.8531168 43.8530783 43.8529737 43.8528412 43.8526590];
HDmap.altarray = [ 200 200 200 200 200 200 200];
HDmap.lspeedarray = [ 36 36 36 36 36 36 36];
